101.0
103.0
106.0
107.0
109.0
110.0
111.0
112.0
113.0
114.0
115.0
116.0
117.0
118.0
122.0
124.0
128.0
129.0
130.0
132.0
133.0
134.0
135.0
137.0
138.0
139.0
140.0
142.0
146.0
148.0
151.0
154.0
156.0
157.0
158.0
160.0
161.0
162.0
163.0
164.0
165.0
167.0
168.0
169.0
170.0
172.0
173.0
174.0
175.0
176.0
177.0
178.0
180.0
181.0
185.0
186.0
189.0
190.0
191.0
192.0
193.0
195.0
196.0
197.0
198.0
200.0
201.0
203.0
205.0
206.0
207.0
211.0
213.0
215.0
216.0
219.0
220.0
221.0
222.0
223.0
143.0
159.0
184.0
187.0
194.0
214.0
